t,o,c,h,l,s,v,Ticker,RSI,TP,Cumulative TP,Cumulative Volume,VWAP
1652140800,0.68,0.7001,0.75,0.68,ok,44878.0,GLMD,,0.7100333333333334,31864.875933333336,44878.0,0.7100333333333334
1652227200,0.75,0.6706,0.7961,0.6501,ok,67974.0,GLMD,,0.7056,47962.4544,112852.0,0.42500314039627124
1652313600,0.7,0.6,0.7,0.5501,ok,215312.0,GLMD,,0.6166999999999999,132782.9104,328164.0,0.4046236345242013
1652400000,0.6,0.6079,0.6498,0.5821,ok,117026.0,GLMD,,0.6132666666666666,71768.14493333333,445190.0,0.16120789984800496
1652659200,0.5897,0.5744,0.62,0.5706,ok,92154.0,GLMD,,0.5883333333333333,54217.27,537344.0,0.10089862360052405
1652745600,0.6296,0.5841,0.6296,0.5706,ok,96808.0,GLMD,,0.5947666666666667,57578.17146666667,634152.0,0.09079553713725837
1652832000,0.5842,0.539,0.5842,0.52,ok,89003.0,GLMD,,0.5477333333333334,48749.909866666676,723155.0,0.06741280896442212
1652918400,0.5392,0.5002,0.5849,0.5,ok,230025.0,GLMD,,0.5283666666666667,121537.5425,953180.0,0.12750744088209992
1653004800,0.5039,0.559,0.5597,0.5002,ok,152962.0,GLMD,,0.5396333333333333,82543.39393333333,1106142.0,0.07462278254811165
1653264000,0.58,0.6499,0.6499,0.5601,ok,51913.0,GLMD,,0.6199666666666667,32184.329566666667,1158055.0,0.027791710727613685
1653350400,0.68,0.59,0.7,0.58,ok,104503.0,GLMD,,0.6233333333333332,65140.20333333332,1262558.0,0.05159383040884721
1653436800,0.58,0.53,0.58,0.5102,ok,144752.0,GLMD,,0.5400666666666666,78175.73013333332,1407310.0,0.055549758143787306
1653523200,0.55,0.5254,0.5686,0.5113,ok,169877.0,GLMD,,0.5350999999999999,90901.18269999999,1577187.0,0.057635006311870435
1653609600,0.5254,0.5103,0.531,0.51,ok,279788.0,GLMD,31.903127383676576,0.5171,144678.3748,1856975.0,0.0779107822130077
1653955200,0.51,0.5116,0.521,0.5045,ok,107043.0,GLMD,32.071523682708786,0.5123666666666667,54845.26510000001,1964018.0,0.02792503179706093
1654041600,0.5337,0.525,0.54,0.5186,ok,38331.0,GLMD,35.71428571428572,0.5278666666666667,20233.6572,2002349.0,0.010104960324099346
1654128000,0.5284,0.5049,0.53,0.5028,ok,124860.0,GLMD,39.64277935090394,0.5125666666666667,63999.07400000001,2127209.0,0.030085936078683387
1654214400,0.518,0.51,0.5287,0.501,ok,58896.0,GLMD,39.272408503177736,0.5132333333333333,30227.3904,2186105.0,0.013827053320860618
1654473600,0.5048,0.52,0.55,0.501,ok,111488.0,GLMD,43.715341959334566,0.5236666666666667,58382.54933333334,2297593.0,0.025410309542783838
1654560000,0.5193,0.52,0.53,0.51,ok,25976.0,GLMD,42.42495863861973,0.52,13507.52,2323569.0,0.005813263991729964
1654646400,0.52,0.5663,0.568,0.51,ok,44612.0,GLMD,53.21706339853876,0.5480999999999999,24451.837199999998,2368181.0,0.010325155551877158
1654732800,0.58,0.5576,0.58,0.55,ok,46024.0,GLMD,57.280568239472345,0.5625333333333332,25890.034133333327,2414205.0,0.0107240413027615
1654819200,0.534,0.5486,0.56,0.5201,ok,43235.0,GLMD,48.49012775842043,0.5429,23472.2815,2457440.0,0.00955151763623934
1655078400,0.5388,0.48,0.56,0.48,ok,119174.0,GLMD,23.62620304253339,0.5066666666666667,60381.49333333334,2576614.0,0.023434435011737628
1655164800,0.4801,0.491,0.54,0.4528,ok,62116.0,GLMD,31.88140556368961,0.4946,30722.5736,2638730.0,0.011642939444353913
1655251200,0.52,0.45,0.5202,0.45,ok,59923.0,GLMD,34.26435877262,0.4734,28367.548199999997,2698653.0,0.010511743525380994
1655337600,0.47,0.4601,0.4884,0.44,ok,27265.0,GLMD,37.42780130920294,0.4628333333333334,12619.150833333335,2725918.0,0.004629321510527219
1655424000,0.46,0.4405,0.47,0.44,ok,105395.0,GLMD,36.79031037093112,0.4501666666666666,47445.31583333333,2831313.0,0.01675735456776885
1655769600,0.4167,0.4686,0.47,0.4167,ok,124151.0,GLMD,42.61168384879725,0.4517666666666667,56087.28343333334,2955464.0,0.018977488283847592
1655856000,0.4743,0.46,0.4743,0.435,ok,87222.0,GLMD,38.64430468204054,0.4564333333333333,39811.0282,3042686.0,0.013084172405565347
1655942400,0.46,0.494,0.5,0.4504,ok,25860.0,GLMD,48.183938687104295,0.48146666666666665,12450.728,3068546.0,0.004057533437660703
1656028800,0.5,0.4825,0.5,0.46,ok,21890.0,GLMD,45.51386623164763,0.4808333333333333,10525.441666666666,3090436.0,0.0034058112404420173
1656288000,0.4801,0.52,0.5399,0.4801,ok,28745.0,GLMD,50.0,0.5133333333333333,14755.766666666666,3119181.0,0.004730654189887239
1656374400,0.54,0.5908,0.75,0.506,ok,635363.0,GLMD,58.745059288537554,0.6156,391129.46280000004,3754544.0,0.10417495781112168
1656460800,0.6,0.65,0.66,0.5304,ok,108369.0,GLMD,60.019152501795546,0.6134666666666666,66480.7692,3862913.0,0.017210009441061706
1656547200,0.64,0.65,0.68,0.563,ok,58726.0,GLMD,61.2958435207824,0.6309999999999999,37056.10599999999,3921639.0,0.009449137465228184
1656633600,0.6428,0.6152,0.699,0.5851,ok,40758.0,GLMD,57.65869365225391,0.6331,25803.8898,3962397.0,0.006512191938364581
1656979200,0.6403,0.5827,0.65,0.5432,ok,100946.0,GLMD,62.87935791321796,0.5919666666666666,59756.66713333333,4063343.0,0.014706281781610198
1657065600,0.5421,0.6104,0.6399,0.5421,ok,43676.0,GLMD,64.37168993740973,0.5974666666666667,26094.954133333336,4107019.0,0.006353745656724095
1657152000,0.6507,0.6066,0.6509,0.5546,ok,513927.0,GLMD,70.70333157059756,0.6040333333333333,310429.0389,4620946.0,0.06717867702846993
1657238400,0.6177,0.6049,0.6358,0.5813,ok,135669.0,GLMD,69.57815035154135,0.6073333333333334,82396.30600000001,4756615.0,0.01732246692238073
1657497600,0.64,0.6489,0.65,0.5876,ok,166485.0,GLMD,76.43328259766615,0.6288333333333334,104691.3175,4923100.0,0.02126532418598038
1657584000,0.65,0.63,0.665,0.6222,ok,115694.0,GLMD,70.96103896103895,0.6390666666666666,73936.17893333331,5038794.0,0.01467338790459251
1657670400,0.6221,0.61,0.6705,0.6016,ok,71298.0,GLMD,68.92028254288596,0.6273666666666666,44729.9886,5110092.0,0.008753264833588122
1657756800,0.6415,0.605,0.6415,0.6,ok,58280.0,GLMD,65.10615133369623,0.6154999999999999,35871.34,5168372.0,0.006940549170996205
1657843200,0.615,0.6048,0.6249,0.5837,ok,28930.0,GLMD,67.17214265655713,0.6044666666666667,17487.220666666668,5197302.0,0.0033646727988226716
1658102400,0.61,0.6104,0.6885,0.5905,ok,86415.0,GLMD,63.94201110425663,0.6298,54424.167,5283717.0,0.010300356169719159
1658188800,0.6104,0.611,0.6299,0.6,ok,89448.0,GLMD,53.9763779527559,0.6136333333333334,54888.2744,5373165.0,0.01021525942344968
1658275200,0.6206,0.6199,0.6647,0.59,ok,79414.0,GLMD,42.611683848797256,0.6248666666666667,49623.161466666665,5452579.0,0.009100860614154636
1658361600,0.58,0.5929,0.6454,0.5752,ok,170809.0,GLMD,37.6246207195492,0.6045,103254.0405,5623388.0,0.018361535874814258
1658448000,0.5821,0.5772,0.5898,0.5603,ok,38023.0,GLMD,41.02079395085068,0.5757666666666666,21892.375966666666,5661411.0,0.0038669469442629526
1658707200,0.5601,0.51,0.58,0.5,ok,191975.0,GLMD,35.24157531465694,0.53,101746.75,5853386.0,0.017382545760693043
1658793600,0.49,0.5,0.5398,0.49,ok,32147.0,GLMD,25.85301837270343,0.5099333333333332,16392.826866666663,5885533.0,0.0027852748199129395
1658880000,0.525,0.5105,0.5897,0.46,ok,261651.0,GLMD,29.579260518487036,0.5200666666666667,136075.9634,6147184.0,0.022136308820429
1658966400,0.5,0.5045,0.5125,0.45,ok,78050.0,GLMD,29.048414023372278,0.48899999999999993,38166.45,6225234.0,0.006130926162775567
1659052800,0.5027,0.5021,0.5027,0.48,ok,30101.0,GLMD,12.929292929292911,0.4949333333333333,14897.988266666665,6255335.0,0.002381645150366314
1659312000,0.5,0.4752,0.5027,0.4512,ok,73435.0,GLMD,12.427184466019398,0.47636666666666666,34981.98616666667,6328770.0,0.005527454176193268
1659398400,0.45,0.49,0.5027,0.45,ok,52582.0,GLMD,20.119521912350574,0.48090000000000005,25286.683800000003,6381352.0,0.003962590341357129
1659484800,0.4988,0.4968,0.4992,0.4704,ok,125931.0,GLMD,23.29713721618953,0.48880000000000007,61555.07280000001,6507283.0,0.009459412292349973
1659571200,0.45,0.4495,0.494,0.38,ok,408833.0,GLMD,18.902683219863817,0.4411666666666667,180363.49183333336,6916116.0,0.026078725665291524
1659657600,0.45,0.4407,0.4662,0.43,ok,92428.0,GLMD,16.449189402926038,0.4456333333333333,41188.99773333333,7008544.0,0.005876969272552663
1659916800,0.459,0.4506,0.4701,0.4391,ok,79248.0,GLMD,19.41266209000763,0.45326666666666665,35920.4768,7087792.0,0.005067936079388334
1660003200,0.435,0.4289,0.4692,0.4001,ok,36586.0,GLMD,15.272727272727266,0.43273333333333336,15831.981733333334,7124378.0,0.002222226520453201
1660089600,0.42,0.4195,0.43,0.4188,ok,35668.0,GLMD,16.31701631701631,0.4227666666666667,15079.241466666666,7160046.0,0.002106025780653737
1660176000,0.42,0.4396,0.45,0.4051,ok,256869.0,GLMD,23.72039724980901,0.43156666666666665,110856.0981,7416915.0,0.014946389179328603
1660262400,0.4394,0.4101,0.4449,0.39,ok,215780.0,GLMD,27.71084337349397,0.41500000000000004,89548.70000000001,7632695.0,0.011732251845514593
1660521600,0.418,0.4446,0.45,0.415,ok,56721.0,GLMD,38.85760257441674,0.4365333333333334,24760.607200000002,7689416.0,0.003220089432019285
1660608000,0.44,0.47,0.47,0.411,ok,176690.0,GLMD,42.31499051233397,0.4503333333333333,79569.39666666667,7866106.0,0.010115474755446554
1660694400,0.46,0.47,0.48,0.4501,ok,95823.0,GLMD,43.30097087378641,0.46669999999999995,44720.594099999995,7961929.0,0.005616803930303824
1660780800,0.469,0.4537,0.4715,0.4351,ok,47709.0,GLMD,41.08327192336035,0.45343333333333335,21632.8509,8009638.0,0.00270085251043805
1660867200,0.4617,0.4569,0.4726,0.4449,ok,55640.0,GLMD,46.30601534113847,0.45813333333333334,25490.538666666667,8065278.0,0.003160528213245305
1661126400,0.4599,0.4416,0.4599,0.42,ok,80762.0,GLMD,40.249798549556814,0.44049999999999995,35575.66099999999,8146040.0,0.004367233772483316
1661212800,0.4328,0.4277,0.4395,0.4256,ok,44385.0,GLMD,36.466901684292985,0.43093333333333333,19126.976,8190425.0,0.0023352849211121522
1661299200,0.4254,0.42,0.4299,0.411,ok,47795.0,GLMD,43.16179879462215,0.42029999999999995,20088.2385,8238220.0,0.0024384197678624753
1661385600,0.405,0.4589,0.46,0.405,ok,197412.0,GLMD,53.70219690805533,0.4413,87117.91560000001,8435632.0,0.010327372697149426
1661472000,0.4591,0.4563,0.49,0.4401,ok,64644.0,GLMD,51.19496855345911,0.4621333333333333,29874.147199999996,8500276.0,0.0035144914353369226
1661731200,0.48,0.46,0.48,0.4556,ok,31075.0,GLMD,57.05215419501134,0.4652,14456.09,8531351.0,0.0016944666794274435
1661817600,0.46,0.46,0.4773,0.4555,ok,22694.0,GLMD,59.59261013737566,0.46426666666666666,10536.067733333333,8554045.0,0.0012317059044385824
1661904000,0.46,0.4641,0.4641,0.4501,ok,36425.0,GLMD,56.27883136852897,0.45943333333333336,16734.85916666667,8590470.0,0.0019480725928461037
1661990400,0.43,0.4451,0.47,0.43,ok,38591.0,GLMD,59.479956663055255,0.44836666666666664,17302.91803333333,8629061.0,0.0020051912987210695
1662076800,0.475,0.45,0.475,0.4261,ok,14505.0,GLMD,51.74193548387097,0.45036666666666664,6532.568499999999,8643566.0,0.0007557723860730629
1662422400,0.4302,0.4132,0.4497,0.4131,ok,25101.0,GLMD,32.93269230769232,0.42533333333333334,10676.292,8668667.0,0.00123159558441915
1662508800,0.4241,0.4201,0.4349,0.4133,ok,51347.0,GLMD,35.60300057703404,0.4227666666666667,21707.800033333333,8720014.0,0.002489422612547793
1662595200,0.4349,0.421,0.4349,0.411,ok,19587.0,GLMD,39.645345155161486,0.42229999999999995,8271.5901,8739601.0,0.0009464493974038402
1662681600,0.4167,0.425,0.4523,0.41,ok,79615.0,GLMD,39.94959042218022,0.4291,34162.7965,8819216.0,0.003873677263375792
1662940800,0.3748,0.4292,0.43,0.3748,ok,171524.0,GLMD,45.79945799457997,0.41133333333333333,70553.53866666666,8990740.0,0.007847356131605036
1663027200,0.4229,0.4617,0.4675,0.4201,ok,63023.0,GLMD,60.228640192539096,0.44976666666666665,28345.644633333333,9053763.0,0.003130813633329405
1663113600,0.48,0.4401,0.48,0.4344,ok,19179.0,GLMD,55.58023320377568,0.4515,8659.3185,9072942.0,0.0009544113144336203
1663200000,0.42,0.4601,0.4675,0.42,ok,59365.0,GLMD,50.37220843672458,0.4492,26666.757999999998,9132307.0,0.0029200461613916396
1663286400,0.47,0.4355,0.47,0.43,ok,13182.0,GLMD,44.323144104803504,0.44516666666666665,5868.187,9145489.0,0.0006416482486611705
1663545600,0.4355,0.4201,0.4898,0.42,ok,25213.0,GLMD,39.76398152898922,0.44329999999999997,11176.9229,9170702.0,0.0012187641578583625
1663632000,0.4158,0.3963,0.43,0.35,ok,112738.0,GLMD,35.43667123914037,0.39209999999999995,44204.5698,9283440.0,0.004761658372327499
1663718400,0.3919,0.38,0.3925,0.38,ok,79710.0,GLMD,31.788653096578614,0.3841666666666666,30621.924999999996,9363150.0,0.0032704725439622346
1663804800,0.38,0.3712,0.38,0.35,ok,42740.0,GLMD,33.257816039873134,0.36706666666666665,15688.429333333333,9405890.0,0.0016679367219192796
1663891200,0.36,0.346,0.3601,0.33,ok,56663.0,GLMD,28.423236514522813,0.3453666666666666,19569.51143333333,9462553.0,0.00206810058906231
1664150400,0.33,0.33,0.3399,0.33,ok,39314.0,GLMD,31.108083560399635,0.3333,13103.3562,9501867.0,0.0013790296370176515
1664236800,0.33,0.31,0.332,0.31,ok,26053.0,GLMD,26.403771967423936,0.3173333333333333,8267.485333333332,9527920.0,0.0008677114557357043
1664323200,0.31,0.3189,0.32,0.31,ok,11919.0,GLMD,28.84376295068381,0.3163,3769.9797000000003,9539839.0,0.0003951827384088977
1664409600,0.3,0.3144,0.32,0.3,ok,12731.0,GLMD,27.129859387923915,0.31146666666666667,3965.282133333333,9552570.0,0.0004151010810005405
1664496000,0.313,0.3111,0.32,0.3,ok,44703.0,GLMD,25.48775425487753,0.3103666666666667,13874.321100000001,9597273.0,0.0014456524368953558
1664755200,0.3131,0.3292,0.3434,0.3,ok,83588.0,GLMD,20.75055187637969,0.3242,27099.2296,9680861.0,0.002799258206475643
1664841600,0.33,0.3378,0.3456,0.33,ok,12929.0,GLMD,26.042154566744745,0.33779999999999993,4367.416199999999,9693790.0,0.000450537529696847
1664928000,0.34,0.38,0.38,0.34,ok,51516.0,GLMD,33.00806109461179,0.3666666666666667,18889.2,9745306.0,0.001938287007098597
1665014400,0.425,0.4347,0.4748,0.4,ok,91068.0,GLMD,49.849510910459,0.43649999999999994,39751.18199999999,9836374.0,0.004041243450076217
1665100800,0.47,0.4703,0.4799,0.4212,ok,54840.0,GLMD,58.77622377622378,0.45713333333333334,25069.192,9891214.0,0.0025344909128444696
1665360000,0.49,0.383,0.49,0.383,ok,40829.0,GLMD,48.09728183118741,0.4186666666666667,17093.741333333335,9932043.0,0.001721070008792082
1665446400,0.39,0.3556,0.4,0.3556,ok,12577.0,GLMD,46.61674986134221,0.37040000000000006,4658.520800000001,9944620.0,0.00046844633580770317
1665532800,0.36,0.37,0.39,0.3363,ok,26354.0,GLMD,49.836155106499184,0.3654333333333333,9630.630066666665,9970974.0,0.0009658665308591382
1665619200,0.35,0.3701,0.3926,0.35,ok,7521.0,GLMD,53.532688361184405,0.37089999999999995,2789.5388999999996,9978495.0,0.00027955507318488406
1665705600,0.4,0.3885,0.45,0.37,ok,30805.0,GLMD,58.51528384279476,0.4028333333333334,12409.280833333334,10009300.0,0.0012397750924973108
1665964800,0.39,0.3643,0.39,0.3516,ok,43756.0,GLMD,57.80845556514236,0.36863333333333337,16129.920133333335,10053056.0,0.0016044792880227996
1666051200,0.3845,0.3603,0.3925,0.355,ok,41838.0,GLMD,56.038506417736286,0.3692666666666667,15449.3788,10094894.0,0.0015304151583959177
1666137600,0.37,0.386,0.418,0.37,ok,33835.0,GLMD,59.83516483516484,0.3913333333333333,13240.763333333332,10128729.0,0.001307248257242674
1666224000,0.39,0.4169,0.417,0.37,ok,14127.0,GLMD,63.50868232890705,0.4013,5669.1651,10142856.0,0.00055893183340077
1666310400,0.4,0.4015,0.41,0.3716,ok,29397.0,GLMD,59.29544870146568,0.3943666666666667,11593.1969,10172253.0,0.0011396882185293663
1666569600,0.4,0.3818,0.4284,0.38,ok,17640.0,GLMD,55.49999999999999,0.3967333333333333,6998.376,10189893.0,0.0006867958279836697
1666656000,0.3821,0.3806,0.399,0.38,ok,12047.0,GLMD,50.08356545961003,0.38653333333333334,4656.5670666666665,10201940.0,0.00045643937002831484
1666742400,0.39,0.4098,0.4098,0.385,ok,34939.0,GLMD,46.26686656671664,0.4015333333333333,14029.173133333332,10236879.0,0.0013704541328791063
1666828800,0.3886,0.3901,0.4099,0.3886,ok,8705.0,GLMD,37.374055415617136,0.39620000000000005,3448.9210000000003,10245584.0,0.00033662512551749127
1666915200,0.3901,0.3997,0.3998,0.3901,ok,23320.0,GLMD,53.480616923718216,0.39653333333333335,9247.157333333334,10268904.0,0.0009005009038290098
1667174400,0.3902,0.3801,0.4012,0.38,ok,35216.0,GLMD,55.27789745799224,0.3871,13632.1136,10304120.0,0.0013229769839636961
1667260800,0.3901,0.399,0.3991,0.3901,ok,9648.0,GLMD,56.12848689771767,0.39606666666666673,3821.2512000000006,10313768.0,0.00037050001512541303
1667347200,0.405,0.4,0.405,0.3901,ok,6522.0,GLMD,56.29473684210527,0.3983666666666667,2598.1474000000003,10320290.0,0.0002517513945829042
1667433600,0.3975,0.3748,0.3975,0.37,ok,15240.0,GLMD,47.19607040523946,0.3807666666666667,5802.884000000001,10335530.0,0.0005614500659375959
1667520000,0.3935,0.3702,0.4048,0.37,ok,44836.0,GLMD,51.31286159323542,0.38166666666666665,17112.406666666666,10380366.0,0.0016485359636323677
1667779200,0.38,0.339,0.39,0.3302,ok,77679.0,GLMD,45.77213179833268,0.35306666666666664,27425.865599999997,10458045.0,0.002622465824157383
1667865600,0.32,0.339,0.3523,0.32,ok,67694.0,GLMD,39.61096374889478,0.3371,22819.6474,10525739.0,0.0021679852977543905
1667952000,0.33,0.32,0.34,0.31,ok,43603.0,GLMD,27.391507232851158,0.3233333333333333,14098.303333333331,10569342.0,0.0013338865686561502
1668038400,0.3135,0.3347,0.41,0.3135,ok,56368.0,GLMD,34.363295880149806,0.35273333333333334,19882.872533333335,10625710.0,0.001871204139143016
1668124800,0.3475,0.3417,0.3799,0.332,ok,34363.0,GLMD,40.01991040318568,0.35119999999999996,12068.2856,10660073.0,0.00113210159067391
1668384000,0.32,0.34,0.3402,0.32,ok,29618.0,GLMD,39.92055610724927,0.3334,9874.6412,10689691.0,0.000923753661354664
1668470400,0.3135,0.3334,0.3399,0.3135,ok,51929.0,GLMD,28.63534675615213,0.3289333333333333,17081.179066666664,10741620.0,0.001590186495767553
1668556800,0.34,0.3215,0.34,0.321,ok,8259.0,GLMD,29.941520467836256,0.3275,2704.8225,10749879.0,0.0002516142274717697
1668643200,0.3299,0.3389,0.3399,0.321,ok,24768.0,GLMD,32.99776286353466,0.33326666666666666,8254.3488,10774647.0,0.0007660899517172117
1668729600,0.3275,0.3399,0.3399,0.32,ok,6534.0,GLMD,37.45318352059925,0.33326666666666666,2177.5643999999998,10781181.0,0.00020197828048708206
1668988800,0.3218,0.32,0.3399,0.32,ok,26286.0,GLMD,25.496277915632746,0.32663333333333333,8585.8838,10807467.0,0.0007944399737699869
1669075200,0.33,0.3211,0.3398,0.32,ok,18741.0,GLMD,25.54246745195286,0.3269666666666666,6127.6822999999995,10826208.0,0.0005660044865201185
1669161600,0.32,0.3011,0.3369,0.3,ok,33231.0,GLMD,26.393337604099912,0.31266666666666665,10390.225999999999,10859439.0,0.0009567921510494233
1669334400,0.31,0.3,0.33,0.3,ok,28443.0,GLMD,26.99868938401048,0.31,8817.33,10887882.0,0.0008098296803730974
1669593600,0.3,0.32,0.3288,0.298,ok,15273.0,GLMD,43.28147100424327,0.31560000000000005,4820.158800000001,10903155.0,0.0004420884413731623
1669680000,0.298,0.2978,0.3189,0.29,ok,40870.0,GLMD,37.4083129584352,0.30223333333333335,12352.276333333335,10944025.0,0.0011286776422142067
1669766400,0.293,0.2919,0.3075,0.29,ok,20166.0,GLMD,40.66445182724252,0.29646666666666666,5978.5468,10964191.0,0.000545279337071016
1669852800,0.3,0.3,0.306,0.2905,ok,44827.0,GLMD,37.94301598332175,0.29883333333333334,13395.801833333333,11009018.0,0.0012168026097634987
1669939200,0.3,0.3058,0.3187,0.2999,ok,7483.0,GLMD,37.42116327960757,0.30813333333333337,2305.7617333333337,11016501.0,0.0002093007329036083
1670198400,0.29,0.3169,0.3188,0.29,ok,15025.0,GLMD,42.40631163708087,0.30856666666666666,4636.214166666667,11031526.0,0.0004202695226994585
1670284800,0.305,0.2935,0.305,0.2906,ok,35678.0,GLMD,38.18827708703375,0.29636666666666667,10573.769933333333,11067204.0,0.0009554147491392887
1670371200,0.305,0.2945,0.305,0.29,ok,46057.0,GLMD,41.45569620253164,0.2965,13655.9005,11113261.0,0.001228793285787133
1670457600,0.29,0.2901,0.311,0.29,ok,27302.0,GLMD,33.17241379310346,0.2970333333333333,8109.604066666666,11140563.0,0.0007279348509286888
1670544000,0.3,0.29,0.3168,0.29,ok,63138.0,GLMD,32.68563497571131,0.29893333333333333,18874.0528,11203701.0,0.0016846266068685698
1670803200,0.3073,0.3104,0.3189,0.29,ok,200168.0,GLMD,46.6804979253112,0.30643333333333334,61338.14746666667,11403869.0,0.005378713791491876
1670889600,0.3011,0.2992,0.31,0.29,ok,80416.0,GLMD,42.92178409825471,0.29973333333333335,24103.355733333334,11484285.0,0.0020988120491030426
1670976000,0.29,0.2999,0.3,0.29,ok,50021.0,GLMD,49.556868537666176,0.2966333333333333,14837.895966666665,11534306.0,0.001286414281593246
1671062400,0.3,0.29,0.3,0.29,ok,36910.0,GLMD,46.53259361997226,0.2933333333333333,10826.93333333333,11571216.0,0.0009356780941029301
1671148800,0.3,0.2901,0.3,0.29,ok,109550.0,GLMD,37.97264682220436,0.29336666666666666,32138.318333333333,11680766.0,0.0027513879084071482
1671408000,0.3,0.34,0.3624,0.296,ok,727636.0,GLMD,63.88157894736841,0.3328,242157.2608,12408402.0,0.019515587970151193
1671494400,0.29,0.31,0.32,0.29,ok,207378.0,GLMD,55.139125496876765,0.30666666666666664,63595.92,12615780.0,0.005040982008246815
1671580800,0.304,0.4511,0.55,0.3009,ok,1510147.0,GLMD,74.44192817858297,0.434,655403.798,14125927.0,0.04639722391316336
1671667200,0.4502,0.59,0.64,0.4502,ok,640558.0,GLMD,82.13478064224331,0.5600666666666667,358755.1838666667,14766485.0,0.02429523233637976
1671753600,0.59,0.538,0.63,0.502,ok,255924.0,GLMD,72.88346098116332,0.5566666666666668,142464.36000000002,15022409.0,0.009483456348445846
1672099200,0.5866,0.5399,0.5866,0.479,ok,169758.0,GLMD,76.6897746967071,0.5351666666666667,90848.823,15192167.0,0.005979977905719441
1672185600,0.5,0.4724,0.54,0.4724,ok,222090.0,GLMD,66.84340087104715,0.4949333333333333,109919.74399999999,15414257.0,0.0071310439419817635
1672272000,0.405,0.4602,0.5299,0.405,ok,330995.0,GLMD,65.8704982272812,0.46503333333333335,153923.70816666668,15745252.0,0.009775880892009012
1672358400,0.46,0.5,0.5244,0.45,ok,63773.0,GLMD,68.24183460736623,0.49146666666666666,31342.303733333334,15809025.0,0.001982557667745692
1672704000,0.6725,0.7113,0.72,0.52,ok,441688.0,GLMD,76.15133724722766,0.6504333333333333,287288.5981333333,16250713.0,0.01767852266748747
1672790400,0.7909,0.7772,0.8499,0.75,ok,361817.0,GLMD,79.10375060886507,0.7923666666666667,286691.7302333333,16612530.0,0.017257559819806693
1672876800,0.742,0.8,0.841,0.732,ok,146506.0,GLMD,79.65136961935255,0.791,115886.246,16759036.0,0.006914851546353859
1672963200,0.81,0.8,0.82,0.75,ok,117446.0,GLMD,80.59755219582433,0.79,92782.34000000001,16876482.0,0.0054977299178821755
1673222400,0.799,0.8335,0.8491,0.79,ok,227139.0,GLMD,81.34517766497461,0.8241999999999999,187207.9638,17103621.0,0.01094551637925092
1673308800,0.85,0.9,0.945,0.85,ok,279339.0,GLMD,81.69572107765451,0.8983333333333333,250939.535,17382960.0,0.014435949631133017
1673395200,0.94,0.8803,0.94,0.8702,ok,37954.0,GLMD,82.65948917649753,0.8968333333333334,34038.412333333334,17420914.0,0.0019538821173982796
1673481600,0.89,0.81,0.9,0.7995,ok,100861.0,GLMD,72.36694503303004,0.8365,84370.2265,17521775.0,0.004815164359775194
1673568000,0.8211,0.8018,0.855,0.7163,ok,233927.0,GLMD,65.76831447290053,0.7910333333333334,185044.0545666667,17755702.0,0.010421669307508466
1673913600,0.77,0.731,0.83,0.6975,ok,379612.0,GLMD,63.977404403244485,0.7528333333333332,285784.5673333333,18135314.0,0.015758457081765074
1674000000,0.7,0.7,0.7806,0.65,ok,207534.0,GLMD,61.12578179291173,0.7102,147390.64680000002,18342848.0,0.008035319640657766
1674086400,0.7,0.7001,0.7406,0.6518,ok,67894.0,GLMD,67.45897868425088,0.6975000000000001,47356.06500000001,18410742.0,0.002572197524684231
1674172800,0.7409,0.7513,0.772199,0.7003,ok,85625.0,GLMD,71.06062798437273,0.7412663333333334,63470.92979166667,18496367.0,0.0034315349490884705
1674432000,0.73,0.7161,0.7601,0.682,ok,64817.0,GLMD,65.73925710123817,0.7193999999999999,46629.349799999996,18561184.0,0.0025121969482119243
1674518400,0.7,0.707,0.7566,0.690101,ok,69001.0,GLMD,49.55606029320669,0.7179003333333333,49535.84090033333,18630185.0,0.0026589022546117135
1674604800,0.69,0.6402,0.711642,0.63,ok,103263.0,GLMD,35.88211046990931,0.6606139999999999,68216.983482,18733448.0,0.0036414536972585077
1674691200,0.6559,0.6711,0.6897,0.635,ok,64609.0,GLMD,36.93492803567808,0.6652666666666667,42982.21406666667,18798057.0,0.00228652429698807
1674777600,0.6611,0.6511,0.7191,0.650001,ok,52695.0,GLMD,35.495811416325736,0.6734003333333334,35484.830565000004,18850752.0,0.0018824092834598856
1675036800,0.66,0.57,0.66,0.5607,ok,127928.0,GLMD,26.51096452130504,0.5968999999999999,76360.22319999998,18978680.0,0.004023473877003036
1675123200,0.5825,0.6611,0.69,0.5825,ok,70242.0,GLMD,29.598633646456022,0.6445333333333333,45273.310399999995,19048922.0,0.002376686218779204
1675209600,0.65,0.6233,0.69,0.6202,ok,40685.0,GLMD,28.71106693174288,0.6445,26221.4825,19089607.0,0.0013735999122454431
1675296000,0.67,0.7449,0.7449,0.632,ok,185324.0,GLMD,45.02977553825012,0.7072666666666666,131073.4877333333,19274931.0,0.006800205289104968
1675382400,0.74,0.71,0.77,0.71,ok,161489.0,GLMD,43.26584507042254,0.73,117886.97,19436420.0,0.0060652615039189315
1675641600,0.8189,0.69,0.8189,0.65,ok,68506.0,GLMD,46.75015852885225,0.7196333333333333,49299.201133333336,19504926.0,0.002527525668814808
1675728000,0.6711,0.68,0.7245,0.6111,ok,305524.0,GLMD,48.36011807149886,0.6718666666666667,205271.39146666668,19810450.0,0.010361773279590654
1675814400,0.661799,0.678,0.7,0.63,ok,37840.0,GLMD,48.19355893411804,0.6693333333333333,25327.573333333334,19848290.0,0.0012760582061897188
1675900800,0.6575,0.6189,0.669899,0.609499,ok,36720.0,GLMD,39.31568754034862,0.632766,23235.167520000003,19885010.0,0.0011684765318196975
1675987200,0.6498,0.65,0.66,0.6,ok,10731.0,GLMD,44.63038180341187,0.6366666666666667,6832.070000000001,19895741.0,0.00034339359363393405
1676246400,0.62,0.61,0.63,0.604001,ok,53776.0,GLMD,42.49690594059407,0.614667,33054.332592,19949517.0,0.001656898890935555
1676332800,0.6059,0.6263,0.649899,0.6007,ok,22148.0,GLMD,48.83369692901493,0.625633,13856.519684,19971665.0,0.0006938089380129299
1676419200,0.6499,0.61,0.65,0.5902,ok,46861.0,GLMD,44.744538104249095,0.6167333333333334,28900.740733333336,20018526.0,0.0014436997375997282
1676505600,0.58,0.5825,0.6,0.58,ok,41339.0,GLMD,44.17459239130435,0.5875,24286.662500000002,20059865.0,0.0012107091697775635
1676592000,0.58,0.5801,0.59,0.58,ok,31129.0,GLMD,50.99000196039992,0.5833666666666666,18159.620966666665,20090994.0,0.0009038687168323611
1676937600,0.61,0.5789,0.65,0.5503,ok,63847.0,GLMD,40.21894336030461,0.5930666666666666,37865.52746666667,20154841.0,0.001878731142888533
1677024000,0.5789,0.57125,0.59,0.5504,ok,25040.0,GLMD,43.3277784899372,0.57055,14286.572,20179881.0,0.000707961161911708
1677110400,0.5713,0.5503,0.58,0.5503,ok,36823.0,GLMD,16.378714581893576,0.5602,20628.2446,20216704.0,0.0010203564636451126
1677196800,0.55,0.539,0.56,0.49,ok,88671.0,GLMD,17.832957110609485,0.5296666666666666,46966.073,20305375.0,0.0023129872262886058
1677456000,0.45,0.5274,0.548,0.45,ok,49644.0,GLMD,18.414918414918414,0.5084666666666666,25242.319199999998,20355019.0,0.001240102954460519
1677542400,0.549999,0.48,0.549999,0.48,ok,12250.0,GLMD,16.078697421981005,0.503333,6165.829250000001,20367269.0,0.0003027322538922622
1677628800,0.47,0.47,0.5041,0.47,ok,14232.0,GLMD,15.65389696169089,0.48136666666666666,6850.8104,20381501.0,0.0003361288454662883
1677715200,0.4982,0.4971,0.519899,0.475,ok,24007.0,GLMD,27.511078286558345,0.49733299999999997,11939.473331,20405508.0,0.0005851103207526124
1677801600,0.5005,0.52,0.52,0.4972,ok,19269.0,GLMD,25.247524752475258,0.5124,9873.435599999999,20424777.0,0.00048340481758993005
1678060800,0.4934,0.5203,0.54,0.4914,ok,32573.0,GLMD,29.87886944818304,0.5172333333333333,16847.841366666667,20457350.0,0.0008235593254584131
1678147200,0.51,0.499899,0.51,0.49,ok,14391.0,GLMD,22.158492693864787,0.49996633333333335,7195.0155030000005,20471741.0,0.00035146085049630126
1678233600,0.4913,0.47,0.5,0.459,ok,50411.0,GLMD,20.906068162926037,0.47633333333333333,24012.439666666665,20522152.0,0.0011700741553160052
1678320000,0.4935,0.46,0.5,0.46,ok,66984.0,GLMD,22.54594352308382,0.47333333333333333,31705.76,20589136.0,0.001539926687550172
1678406400,0.46,0.46,0.474999,0.46,ok,34533.0,GLMD,22.791119166289093,0.4649996666666667,16057.833489,20623669.0,0.0007786118701284433
1678665600,0.465,0.4696,0.475,0.465,ok,47247.0,GLMD,26.145787865560905,0.46986666666666665,22199.790399999998,20670916.0,0.0010739625858863728
1678752000,0.4695,0.4306,0.4696,0.3713,ok,56301.0,GLMD,22.998656172009987,0.42383333333333334,23862.2405,20727217.0,0.0011512515404262908
1678838400,0.4122,0.4672,0.4672,0.37,ok,20842.0,GLMD,34.951104672220225,0.4348,9062.1016,20748059.0,0.0004367686442379984
1678924800,0.457,0.4676,0.4811,0.453551,ok,25667.0,GLMD,36.53846153846153,0.467417,11997.192139,20773726.0,0.0005775175882747275
1679011200,0.4672,0.4676,0.4699,0.453319,ok,13296.0,GLMD,38.20977917981074,0.46360633333333334,6164.109808,20787022.0,0.00029653645471679397
1679270400,0.4676,0.44,0.47,0.415,ok,30656.0,GLMD,41.44568006843457,0.44166666666666665,13539.733333333334,20817678.0,0.0006503959439344453
1679356800,0.420695,0.4303,0.44,0.420695,ok,40646.0,GLMD,41.498929336188446,0.4303316666666667,17491.260923333335,20858324.0,0.000838574610468863
1679443200,0.42,0.4141,0.42,0.4141,ok,20428.0,GLMD,31.356693620844567,0.41606666666666675,8499.409866666669,20878752.0,0.00040708419098357357
1679529600,0.414,0.435,0.44,0.414,ok,8393.0,GLMD,30.734360834088847,0.42966666666666664,3606.192333333333,20887145.0,0.00017265128064813707
1679616000,0.44,0.42,0.44,0.414,ok,4005.0,GLMD,28.68678283042924,0.4246666666666667,1700.7900000000002,20891150.0,8.141198545795708e-05
1679875200,0.4,0.4001,0.4251,0.38,ok,17557.0,GLMD,28.747992964194907,0.40173333333333333,7053.232133333333,20908707.0,0.00033733468709152284
1679961600,0.43,0.428636,0.45,0.4001,ok,13646.0,GLMD,41.140184033311066,0.42624533333333336,5816.543818666667,20922353.0,0.00027800619837867505
1680048000,0.41,0.45,0.45,0.37,ok,118932.0,GLMD,47.95751633986929,0.42333333333333334,50347.88,21041285.0,0.0023928139369815103
1680134400,0.46,0.4699,0.47,0.3801,ok,30790.0,GLMD,51.87004155647903,0.43999999999999995,13547.599999999999,21072075.0,0.0006429172257596843
1680220800,0.4436,0.4265,0.4625,0.4186,ok,22933.0,GLMD,42.78056951423785,0.4358666666666666,9995.730266666666,21095008.0,0.00047384339776816703
1680480000,0.45,0.35,0.45,0.3101,ok,205389.0,GLMD,38.00595238095239,0.3700333333333334,76000.77630000001,21300397.0,0.0035680450603808
1680566400,0.3201,0.3646,0.37,0.3101,ok,304935.0,GLMD,33.66242038216559,0.34823333333333334,106188.5315,21605332.0,0.004914922459881663
1680652800,0.3537,0.34,0.3572,0.34,ok,15234.0,GLMD,31.135422826729737,0.3457333333333334,5266.901600000001,21620566.0,0.0002436060924584491
1680739200,0.357,0.34,0.361,0.34,ok,93485.0,GLMD,31.135422826729737,0.34700000000000003,32439.295000000002,21714051.0,0.0014939310495310158
1681084800,0.37,0.3401,0.37,0.33,ok,157193.0,GLMD,33.92339877695525,0.3467,54498.8131,21871244.0,0.0024918021626936264
1681171200,0.3392,0.315,0.3392,0.3,ok,97387.0,GLMD,32.3213738117142,0.31806666666666666,30975.558466666665,21968631.0,0.001409990384319654
1681257600,0.31,0.3001,0.3255,0.3,ok,89751.0,GLMD,32.45073891625614,0.3085333333333333,27691.175199999998,22058382.0,0.0012553584029871274
1681344000,0.3098,0.32,0.3249,0.305,ok,48555.0,GLMD,32.24212476837555,0.3166333333333333,15374.1315,22106937.0,0.0006954437650046227
1681430400,0.325,0.31,0.3295,0.3,ok,35423.0,GLMD,32.74780426599749,0.31316666666666665,11093.302833333333,22142360.0,0.0005009991181307383
1681689600,0.3012,0.317,0.33,0.3,ok,45981.0,GLMD,36.41712978097417,0.3156666666666667,14514.669000000002,22188341.0,0.0006541574694565944
1681776000,0.325,0.34,0.3465,0.325,ok,48449.0,GLMD,35.24523578058623,0.33716666666666667,16335.387833333334,22236790.0,0.0007346108783387051
1681862400,0.3494,0.3301,0.3494,0.323,ok,34683.0,GLMD,29.24887504326757,0.33416666666666667,11589.9025,22271473.0,0.0005203922749070077
1681948800,0.3395,0.3315,0.34,0.308001,ok,23445.0,GLMD,24.40828402366864,0.32650033333333334,7654.800315,22294918.0,0.0003433428333308963
1682035200,0.32,0.3367,0.3378,0.3152,ok,24823.0,GLMD,30.66322136089579,0.3299,8189.1077000000005,22319741.0,0.00036689976375621925
1682294400,0.3189,0.3184,0.3316,0.3086,ok,26466.0,GLMD,40.91954022988507,0.31953333333333334,8456.7692,22346207.0,0.00037844316039854103
1682380800,0.3299,0.31,0.331,0.3058,ok,65810.0,GLMD,33.730631704410015,0.31560000000000005,20769.636000000002,22412017.0,0.0009267187330796689
1682467200,0.32,0.305,0.3272,0.3,ok,76050.0,GLMD,38.19163292847503,0.3107333333333333,23631.269999999997,22488067.0,0.0010508359833684235
1682553600,0.3202,0.3001,0.3202,0.3001,ok,32114.0,GLMD,36.969301110385366,0.30679999999999996,9852.5752,22520181.0,0.0004374998229365918
1682640000,0.3003,0.31,0.31,0.3,ok,75710.0,GLMD,40.76120319214242,0.30666666666666664,23217.73333333333,22595891.0,0.0010275201510457513
1682899200,0.3093,0.2901,0.31,0.29,ok,26912.0,GLMD,42.10526315789475,0.2967,7984.790400000001,22622803.0,0.00035295318621657984
1682985600,0.3,0.3,0.3118,0.2952,ok,31635.0,GLMD,49.96725605762934,0.30233333333333334,9564.315,22654438.0,0.0004221828411722242
1683072000,0.32,0.31,0.32,0.301,ok,33980.0,GLMD,46.49859943977591,0.31033333333333335,10545.126666666667,22688418.0,0.0004647801652220383
1683158400,0.31,0.2998,0.31,0.291,ok,2788718.0,GLMD,46.43356643356644,0.3002666666666667,837359.0581333333,25477136.0,0.03286707964872242
1683244800,0.39,0.4082,0.52,0.3561,ok,7669815.0,GLMD,68.65793780687397,0.4281,3283447.8015,33146951.0,0.09905731002227022
1683504000,0.351,0.3607,0.39,0.341,ok,539128.0,GLMD,53.84901450353291,0.36390000000000006,196188.67920000004,33686079.0,0.005824028353077247
1683590400,0.38,0.3606,0.4,0.3605,ok,367703.0,GLMD,55.8857583944423,0.3737,137410.61109999998,34053782.0,0.004035105736566939
